1 Варакин Владислав Дмитриевич 23КНТ6 10 0 10 10 5 10
2 Ли Владислав Владимирович 23КНТ6 10 0 10 5
3 Телегин Георгий Васильевич 23КНТ6 0 0 0 0 0 7 10 5
4 Касимов Тейфук Эльманович 23КНТ6 10 10 10 10 8 8 8 8 10
5 Бычков Илья Сергеевич 23КНТ5 10 10 10 10 10 10 10 10 10 10 10 10 10 10
6 Захарченко Яна Сергеевна 23КНТ4 10 10 10 10 10 10 10 10 10 10
7 Выставкин Константин Максимович 23КНТ6 10 10 10 10 5 5 5 5 2 0 10
8 Ким Дмитрий Анатольевич 23КНТ9 10 10 10 5 7 7 7 7 7 8 8 8
9 Ташина Маргарита Васильевна 23КНТ5 6 6 6 6 6 6 6 6 6 6 6 6 6 6
10 Ульянова Ульяна Владимировна 23КНТ4 10 10 5 5 5 1 1 5 5
11 Двоешников Валерий Валерьевич 23КНТ4 0 0 0 0 0 0 0 0 5 0 0 0
12 Оленьев Евгений Евгеньевич 23КНТ4 10 10 10 0 0 0 0 0 2
13 Моржов Савелий Максимович 23КНТ9 10 10 10 5 5 5 10 10
14 Акулова Алена Сергеевна 23КНТ5 10 10 10 10 10 0 0 0 3
15 Восков Олег Олегович 23КНТ6 10 5 5 10 7 8 9 10 10 7 8 9 10